1.748009 0.020688 0.176589 1.703509 0.003121 0.021150 0.147566 0.127317
1.748009 5.074903 14.332454 689.234557 0.221637 0.158351 0.375136 0.035886
1.748009 9.790851 87.607355 5522.503530 0.269185 0.232223 0.501310 0.030873
1.748009 7.272068 168.265491 11281.436630 0.277842 0.272804 0.567975 0.016360
1.748009 7.380960 169.779993 9836.272985 0.219736 0.278879 0.584789 0.082261
1.748009 17.805726 212.158983 8214.788343 0.309310 0.306655 0.631921 0.000924
1.748009 18.145044 269.840959 8587.959387 0.263533 0.318212 0.648323 0.017086
1.748009 9.672309 237.819433 8241.488806 0.225445 0.320670 0.655129 0.002045
1.748009 14.152563 213.215290 7086.493944 0.302751 0.330238 0.670194 0.013655
1.748009 11.058222 216.332516 6769.361108 0.278328 0.335581 0.680962 0.011544
1.748009 5.862890 212.143017 6372.065993 0.264928 0.332175 0.675539 0.028234
1.748009 10.009763 198.901697 5785.476070 0.186516 0.325437 0.669120 0.091101
1.748009 24.982404 206.646630 5599.672895 0.233604 0.328590 0.672976 0.075928
1.748009 3.460154 214.927600 5535.687862 0.180592 0.320533 0.658033 0.075599
1.748009 4.551658 199.604135 4938.095358 0.231944 0.321355 0.660763 0.000396
1.748009 4.251992 187.152237 4483.649434 0.177802 0.317498 0.655966 0.022429
1.748009 14.379804 203.615368 4520.122729 0.235625 0.319516 0.657112 0.077182
1.748009 12.278099 226.171701 4920.788865 0.287874 0.325158 0.664572 0.068870
1.748009 8.621206 216.977722 4695.683202 0.289628 0.330366 0.671693 0.023089
1.748009 12.552790 209.787582 4542.406311 0.222253 0.333423 0.676430 0.042153
1.748009 3.246899 200.013645 4256.841596 0.248964 0.332322 0.672343 0.005607
1.748009 27.257590 198.525048 4116.876332 0.317842 0.337511 0.680347 0.000330
1.748009 6.948099 202.912820 4067.741513 0.202887 0.335310 0.675803 0.064846
1.748009 16.461967 208.436324 3990.950109 0.303683 0.340222 0.682182 0.044462
1.748009 8.837912 214.733994 3999.242937 0.286378 0.343406 0.688460 0.019988
1.679641 0.045203 205.624589 3818.631673 0.006544 0.316465 0.617337 0.115985
1.679641 5.232791 193.295573 3573.271634 0.197360 0.317556 0.621854 0.049980
1.679641 11.125307 190.290771 3556.184875 0.245341 0.321856 0.629948 0.036602
1.679641 6.595223 192.327854 3726.215111 0.248858 0.325471 0.636488 0.012699
1.679641 6.290031 190.832848 3694.976890 0.201360 0.324898 0.637581 0.084612
1.679641 15.679995 197.799017 3708.469544 0.276200 0.328317 0.645130 0.002445
1.679641 14.741194 206.742270 3843.175968 0.251983 0.330381 0.648550 0.014940
1.679641 9.500650 202.836413 3808.614191 0.234187 0.332103 0.651850 0.001630
1.679641 12.961781 199.407102 3792.153933 0.278141 0.334588 0.656148 0.008149
1.679641 11.805271 200.181161 3838.945023 0.259574 0.336829 0.660107 0.009371
1.679641 5.554166 198.514850 3803.357418 0.247156 0.336690 0.660426 0.028317
1.679641 13.201071 201.061059 3774.310224 0.191606 0.335359 0.660189 0.077278
1.679641 21.714813 212.044322 3888.110235 0.222049 0.336140 0.662194 0.072593
1.679641 5.019798 216.629723 3898.995481 0.182242 0.333660 0.658844 0.066888
1.679641 4.872554 212.928707 3767.564502 0.204723 0.333562 0.660447 0.001833
1.679641 4.653947 208.040507 3640.340343 0.168932 0.332006 0.659595 0.020780
1.679641 12.825697 211.324564 3672.648162 0.215131 0.331879 0.660103 0.088958
1.679641 12.439394 215.702347 3746.798539 0.272762 0.333867 0.663566 0.066685
1.679641 7.228475 213.214453 3702.531028 0.275936 0.335845 0.666880 0.027570
1.679641 10.567099 211.008641 3678.819802 0.209344 0.337294 0.669702 0.042849
1.679641 4.517390 206.573045 3603.585875 0.234124 0.337385 0.669877 0.009711
1.679641 25.018448 205.853354 3565.996300 0.299596 0.340109 0.674258 0.002037
1.679641 8.464344 207.367884 3558.486895 0.206067 0.339456 0.673365 0.070216
1.679641 14.775583 210.733751 3582.936052 0.291392 0.341239 0.676141 0.036059
1.679641 8.233287 214.293498 3621.279339 0.267442 0.342694 0.679330 0.018810
1.659934 0.076612 209.736596 3544.251060 0.006489 0.327897 0.639696 0.109057
1.659934 5.211077 203.488675 3429.908020 0.201038 0.328217 0.641417 0.043260
1.659934 10.988522 201.491496 3433.328029 0.242591 0.330577 0.645608 0.028607
1.659934 10.337941 202.836217 3516.358626 0.247563 0.332353 0.648669 0.013117
1.659934 7.254571 202.855976 3505.878794 0.181798 0.331879 0.648843 0.073960
1.659934 13.833853 205.408685 3491.501867 0.265814 0.333467 0.652118 0.000349
1.659934 16.742229 208.637746 3532.709612 0.240430 0.334367 0.653747 0.015560
1.659934 6.586385 206.226411 3520.145099 0.215811 0.335054 0.655563 0.002163
1.659934 12.846046 204.311792 3502.304457 0.274639 0.336827 0.658471 0.013885
1.659934 10.902572 204.849258 3536.090894 0.260396 0.338380 0.661248 0.008164
1.659934 7.827012 203.994920 3528.884979 0.230786 0.338528 0.661914 0.025607
1.659934 11.915990 202.711727 3503.082001 0.175191 0.337452 0.661403 0.089869
1.659934 25.415303 206.967828 3559.310402 0.238665 0.338468 0.663313 0.057982
1.659934 4.617007 210.531145 3600.542804 0.182678 0.336979 0.661373 0.065029
1.659934 5.323886 207.623536 3527.495610 0.215266 0.337258 0.662615 0.004186
1.659934 4.553438 204.356673 3460.731433 0.167964 0.336259 0.662200 0.023304
1.659934 12.751456 208.088879 3525.582577 0.219594 0.336106 0.662169 0.085892
1.659934 11.008254 212.170350 3611.999650 0.237942 0.336949 0.663793 0.090148
1.659934 7.035581 209.409963 3584.078560 0.258310 0.338013 0.665621 0.029514
1.659934 9.552787 207.111559 3568.861626 0.204825 0.338736 0.667247 0.049400
1.659934 3.308186 204.025562 3526.903936 0.219334 0.338602 0.667082 0.013187
1.659934 22.075976 202.661881 3512.338110 0.266157 0.340026 0.669643 0.008512
1.659934 9.756699 203.037362 3507.021977 0.197421 0.339752 0.669338 0.068937
1.659934 15.471811 204.935932 3541.281594 0.274807 0.341226 0.671488 0.041795
1.659934 6.549246 206.282906 3578.607146 0.245052 0.342273 0.673778 0.017792
1.721281 0.041449 202.734859 3514.614551 0.005152 0.331834 0.646312 0.138343
1.721281 5.070734 198.183175 3430.660060 0.195183 0.331973 0.647513 0.043946
1.721281 8.418362 196.340181 3410.592542 0.237196 0.333236 0.650171 0.044411
1.721281 7.034324 196.566254 3442.935785 0.257789 0.334728 0.652532 0.012812
1.721281 5.556945 196.167710 3434.035840 0.193181 0.334364 0.652724 0.077403
1.721281 19.227060 200.678507 3458.269173 0.284239 0.335985 0.655919 0.000929
1.721281 14.119742 205.850553 3529.863725 0.246777 0.336568 0.656977 0.014936
1.721281 10.128597 203.974796 3516.027141 0.226728 0.337020 0.658037 0.002456
1.721281 13.366809 202.698659 3505.215266 0.276969 0.337985 0.659783 0.012215
1.721281 9.738889 203.297989 3522.299276 0.253636 0.338925 0.661719 0.008298
1.721281 5.395261 202.588418 3508.577193 0.231105 0.338543 0.661603 0.027616
1.721281 8.766358 201.599561 3485.372462 0.177457 0.337810 0.661451 0.071694
1.721281 27.696158 204.452918 3519.634688 0.226079 0.338306 0.662489 0.075013
1.721281 4.557837 206.672414 3541.272522 0.183139 0.336986 0.660721 0.069437
1.721281 5.331188 204.757004 3489.744639 0.219012 0.336991 0.661643 0.001925
1.721281 4.578644 202.540731 3441.118208 0.170849 0.335995 0.660922 0.018255
1.721281 11.619545 204.156436 3473.983902 0.216572 0.336153 0.661451 0.069437
1.721281 12.830842 206.202092 3518.151975 0.259373 0.337073 0.663030 0.068109
1.721281 7.987117 204.749410 3498.045175 0.274184 0.337992 0.664649 0.029806
1.721281 14.444668 203.392981 3482.139698 0.223722 0.338944 0.666389 0.040560
1.721281 3.621477 201.233770 3448.558281 0.230977 0.338919 0.666604 0.012281
1.721281 30.945692 200.733248 3439.389342 0.294377 0.340485 0.669173 0.004182
1.721281 7.379661 201.127497 3440.019480 0.186777 0.340083 0.668905 0.069172
1.721281 14.378542 202.598484 3448.642412 0.286366 0.341298 0.670748 0.044079
1.721281 8.507154 204.279461 3467.035970 0.258784 0.342023 0.672365 0.020712
1.122898 7.093290 203.754282 3446.792563 0.123416 0.341935 0.672034 0.036678
1.173750 8.507799 204.119231 3428.263891 0.161547 0.342271 0.672418 0.035425
1.142755 5.138434 204.267471 3414.042816 0.133206 0.342063 0.671819 0.049542
1.128226 6.582958 203.815755 3388.086085 0.139297 0.342014 0.671610 0.037667
1.202222 7.784630 204.013373 3369.138691 0.165884 0.342035 0.671305 0.037931
1.152548 5.303299 203.993048 3349.444714 0.111206 0.341795 0.670995 0.054423
1.279654 5.563193 202.976273 3315.478664 0.150458 0.341656 0.670388 0.023089
1.176492 5.315112 201.911815 3281.629163 0.124385 0.341441 0.670069 0.039251
1.157868 7.100538 200.990027 3251.348148 0.168631 0.341766 0.670374 0.013721
1.127615 7.547995 200.395836 3231.800547 0.149333 0.342071 0.670800 0.042285
1.180942 2.011819 199.303413 3203.905491 0.075334 0.340796 0.668561 0.060558
1.148371 5.585871 198.447097 3172.669582 0.138881 0.340866 0.668878 0.029421
1.460519 9.048341 198.766606 3156.574224 0.182473 0.341413 0.669795 0.036282
1.184528 8.183745 198.841253 3139.519601 0.154087 0.341577 0.670006 0.021967
1.273267 10.258963 200.317254 3135.867873 0.191521 0.342001 0.670511 0.069794
1.202238 7.145649 202.151987 3131.964026 0.137031 0.341813 0.670063 0.056006
1.186629 6.461104 202.572449 3117.954014 0.164561 0.341956 0.670181 0.064714
1.207157 2.126415 201.575884 3093.565414 0.064327 0.340543 0.667650 0.065374
1.148723 7.661126 201.127270 3075.989699 0.154761 0.340922 0.668304 0.014645
1.168864 9.726175 202.028717 3081.322706 0.172314 0.341421 0.668934 0.036810
1.178240 7.797594 202.037580 3079.566565 0.167436 0.341783 0.669374 0.024408
1.158356 8.482980 202.005434 3069.765455 0.175558 0.342384 0.670131 0.013325
1.106819 6.103434 201.813724 3052.483220 0.132860 0.342489 0.670182 0.029355
1.167339 5.620407 201.814716 3036.371704 0.139055 0.342504 0.670192 0.049344
1.127340 6.298357 201.746203 3022.962701 0.118309 0.342369 0.670162 0.040636
1.107832 6.765317 201.283271 3003.201904 0.124038 0.342324 0.670137 0.042813
1.225081 3.769245 200.621364 2976.317850 0.075669 0.341081 0.667971 0.073488
1.122293 7.562510 199.754694 2951.640877 0.127430 0.341054 0.667933 0.027640
1.107014 5.081595 199.448505 2938.681583 0.133369 0.341219 0.668269 0.020252
1.155167 3.790275 199.006688 2920.776466 0.084375 0.340512 0.667469 0.058909
1.120992 8.636669 199.239937 2911.057714 0.165866 0.340957 0.668125 0.030279
1.076219 9.111006 200.899829 2919.580650 0.140389 0.341245 0.668505 0.027640
1.178635 6.551014 202.038581 2925.046919 0.134859 0.341243 0.668572 0.036612
1.162781 5.135323 202.008905 2918.414389 0.132391 0.341288 0.668574 0.038393
1.150716 5.108554 201.838479 2906.876813 0.140145 0.341225 0.668411 0.044330
1.145390 6.823584 201.907502 2901.674098 0.161164 0.341614 0.669143 0.022957
1.165559 7.262879 201.797916 2894.193777 0.129807 0.341471 0.669102 0.038459
1.104480 7.688849 201.291207 2882.200091 0.131947 0.341567 0.669370 0.023023
1.083041 3.038423 200.308619 2863.490695 0.088984 0.340977 0.668386 0.044924
1.150757 5.975413 200.163245 2846.773136 0.159848 0.341246 0.668823 0.019790
1.142440 6.461016 200.740958 2838.112735 0.143753 0.341396 0.669057 0.044396
1.137322 8.415056 201.034838 2833.634639 0.145810 0.341611 0.669338 0.038459
1.112562 7.370525 201.363700 2833.027112 0.140329 0.341730 0.669474 0.041428
1.171555 7.979546 201.691179 2830.451973 0.143251 0.342004 0.669907 0.026849
1.227250 10.638684 201.956307 2824.528412 0.159086 0.342178 0.670153 0.024210
1.145186 4.912510 201.604162 2811.145226 0.117961 0.341726 0.669393 0.041625
1.107594 3.681913 200.763943 2791.925025 0.097734 0.341329 0.668714 0.038855
1.158019 7.126891 200.293561 2777.401406 0.167721 0.341795 0.669472 0.021439
1.141875 8.678917 200.844149 2774.232714 0.138149 0.341958 0.669827 0.031598
1.146197 5.775085 201.568609 2774.150801 0.131127 0.342015 0.669920 0.021439
1.310599 7.451523 201.940358 2771.159697 0.140988 0.342273 0.670343 0.033445
1.417105 6.251329 201.870097 2765.384775 0.126581 0.342242 0.670186 0.059701
1.455029 5.376753 201.784863 2756.992700 0.152901 0.342434 0.670522 0.021637
1.335798 4.457760 201.651272 2747.748571 0.121404 0.342366 0.670470 0.043934
1.308619 4.333982 200.887314 2735.312106 0.107566 0.342246 0.670218 0.046837
1.387036 4.313303 200.074917 2721.905533 0.117451 0.342085 0.669958 0.038789
1.372781 9.718359 199.681979 2714.570787 0.154108 0.342442 0.670501 0.037272
1.326794 7.208377 199.640794 2710.229558 0.143136 0.342634 0.670804 0.024342
1.409367 7.465791 199.785364 2705.222715 0.149298 0.342905 0.671279 0.022825
1.523331 0.331671 198.850699 2687.548458 0.017715 0.339554 0.663490 0.087869
1.319410 8.671891 197.981855 2673.803427 0.140659 0.339705 0.663623 0.027640
1.333543 2.836169 197.462278 2664.496720 0.078576 0.339202 0.662820 0.044198
1.358121 4.846248 196.426884 2646.499227 0.126137 0.339219 0.662774 0.037206
1.426716 10.183393 196.314539 2643.035543 0.156753 0.339470 0.663146 0.042945
1.333027 6.288490 196.576635 2644.146177 0.148462 0.339709 0.663413 0.025463
1.319159 6.434215 196.668680 2640.660711 0.126434 0.339720 0.663385 0.053434
1.384035 9.450574 197.604474 2645.974152 0.153943 0.339933 0.663660 0.050993
1.355272 5.702581 198.383519 2649.821853 0.143661 0.340189 0.664056 0.036084
1.505335 9.534600 198.158739 2643.680834 0.140613 0.340084 0.663967 0.064912
1.303784 6.329152 198.026728 2642.476854 0.157946 0.340424 0.664506 0.029487
1.599681 3.642032 197.736359 2638.027275 0.125544 0.340353 0.664496 0.016822
1.351563 6.110751 197.334266 2630.437882 0.102946 0.340078 0.664150 0.064186
1.403052 6.101942 196.600755 2620.690352 0.114396 0.339781 0.663669 0.040174
1.338984 6.577540 196.362164 2611.481560 0.152110 0.340094 0.664190 0.026189
1.398951 5.262425 196.353812 2605.534135 0.114404 0.339967 0.664039 0.040042
1.099710 5.353448 195.999699 2597.448672 0.116773 0.339889 0.663910 0.050729
1.067761 7.186383 196.023456 2594.094798 0.146889 0.340069 0.664146 0.040570
1.120407 6.365999 196.044799 2591.923052 0.125162 0.339989 0.664049 0.025991
1.084173 7.987878 195.914059 2586.349720 0.115712 0.339895 0.663966 0.049871
1.052917 4.825762 195.411406 2577.419560 0.110257 0.339843 0.663949 0.043604
1.178580 8.254945 195.203966 2574.665012 0.145039 0.340053 0.664325 0.038063
1.091880 6.283461 195.460501 2574.495590 0.132406 0.340186 0.664500 0.038987
1.069753 5.316023 195.327187 2567.011310 0.125705 0.340167 0.664513 0.044594
1.121452 6.816114 195.315456 2561.879351 0.122137 0.340133 0.664534 0.062933
1.131913 4.039077 195.189681 2556.228278 0.143984 0.340344 0.664997 0.017152
1.123291 7.489749 194.596955 2548.519697 0.146659 0.340570 0.665407 0.030147
1.134872 9.175110 194.584201 2548.901198 0.177736 0.340965 0.665960 0.036810
1.095783 3.727010 194.657962 2547.623442 0.082912 0.340395 0.664999 0.066033
1.084247 5.052867 194.535244 2541.552188 0.139873 0.340608 0.665387 0.021769
1.125096 3.710494 194.274691 2534.690772 0.111346 0.340421 0.665125 0.045452
1.166283 6.542018 193.943997 2528.098605 0.149629 0.340494 0.665235 0.055611
1.156211 8.429099 194.413755 2527.675446 0.136440 0.340477 0.665317 0.055545
1.155013 6.721618 194.895278 2525.393219 0.138346 0.340530 0.665338 0.037008
1.135475 6.770256 195.010282 2521.986435 0.142503 0.340764 0.665725 0.028630
1.093469 5.724911 195.532658 2520.712189 0.113731 0.340539 0.665331 0.049871
1.150349 8.673980 196.229260 2521.731139 0.126983 0.340481 0.665268 0.046639
1.069293 7.073943 196.629099 2525.522059 0.131258 0.340437 0.665162 0.036678
1.054813 4.821176 196.382578 2522.342177 0.105783 0.340212 0.664786 0.046705
1.150765 5.117731 195.946286 2515.835197 0.128477 0.340291 0.664988 0.027574
1.103237 6.316699 195.831388 2512.982806 0.151747 0.340497 0.665388 0.039317
1.748212 0.020688 194.834764 2499.542932 0.003121 0.337988 0.660788 0.127317
1.748009 0.020688 192.916315 2474.831826 0.003121 0.335538 0.656365 0.127317
1.747270 0.020688 191.026552 2450.493747 0.003121 0.333146 0.652107 0.127317
1.748212 0.020688 189.164907 2426.521250 0.003121 0.330806 0.647997 0.127317
1.747270 0.020688 187.330824 2402.907112 0.003121 0.328520 0.644027 0.127317
1.748047 0.020688 185.523763 2379.644327 0.003121 0.326283 0.640187 0.127317
1.748009 0.020688 183.743195 2356.725992 0.003121 0.324093 0.636465 0.127317
1.747270 0.020688 181.988606 2334.145243 0.003121 0.321950 0.632858 0.127317
1.748009 0.020688 180.259492 2311.895592 0.003121 0.319852 0.629356 0.127317
1.748009 0.020688 178.555362 2289.970685 0.003121 0.317796 0.625955 0.127317
1.747718 0.020688 176.875739 2268.364163 0.003121 0.315782 0.622649 0.127317
1.748212 0.020688 175.220153 2247.069941 0.003121 0.313808 0.619432 0.127317
1.747270 0.020688 173.588150 2226.082097 0.003121 0.311873 0.616302 0.127317
1.747557 0.020688 171.979283 2205.394838 0.003121 0.309975 0.613254 0.127317
1.747557 0.020688 170.393117 2185.002499 0.003121 0.308114 0.610284 0.127317
1.748047 0.020688 168.829228 2164.899465 0.003121 0.306287 0.607388 0.127317
1.747718 0.020688 167.287201 2145.080296 0.003121 0.304495 0.604561 0.127317
1.747270 0.020688 165.766631 2125.539721 0.003121 0.302735 0.601803 0.127317
1.748009 0.020688 164.267119 2106.272589 0.003121 0.301007 0.599108 0.127317
1.747718 0.020688 162.788280 2087.273851 0.003121 0.299310 0.596476 0.127317
1.748047 0.020688 161.329737 2068.538662 0.003121 0.297644 0.593906 0.127317
1.748009 0.020688 159.891118 2050.062112 0.003121 0.296006 0.591390 0.127317
1.747270 0.020688 158.472063 2031.839416 0.003121 0.294397 0.588932 0.127317
1.748212 0.020688 157.072219 2013.866071 0.003121 0.292815 0.586526 0.127317
1.747557 0.020688 155.691242 1996.137592 0.003121 0.291261 0.584173 0.127317
1.747383 0.020688 154.330200 1978.650251 0.003121 0.289666 0.581494 0.127317
1.747581 0.020688 152.988718 1961.399410 0.003121 0.288099 0.578880 0.127317
1.749201 0.020688 151.665053 1944.380237 0.003121 0.286558 0.576329 0.127317
1.748538 0.020688 150.358891 1927.588526 0.003121 0.285043 0.573837 0.127317
1.748062 0.020688 149.069925 1911.020218 0.003121 0.283553 0.571402 0.127317
1.748538 0.020688 147.797859 1894.671442 0.003121 0.282087 0.569022 0.127317
1.747519 0.020688 146.542392 1878.538322 0.003121 0.280644 0.566693 0.127317
1.748062 0.020688 145.303236 1862.617214 0.003121 0.279224 0.564415 0.127317
1.747446 0.020688 144.080112 1846.904447 0.003121 0.277826 0.562185 0.127317
1.748062 0.020688 142.872745 1831.396335 0.003121 0.276450 0.560002 0.127317
1.747581 0.020688 141.680865 1816.089282 0.003121 0.275096 0.557864 0.127317
1.749201 0.020688 140.504206 1800.979814 0.003121 0.273761 0.555768 0.127317
1.748259 0.020688 139.342516 1786.064588 0.003121 0.272448 0.553716 0.127317
1.747519 0.020688 138.195538 1771.340512 0.003121 0.271154 0.551703 0.127317
1.748009 0.020688 137.063022 1756.804206 0.003121 0.269879 0.549729 0.127317
1.747581 0.020688 135.944728 1742.452451 0.003121 0.268623 0.547794 0.127317
1.748259 0.020688 134.840424 1728.282323 0.003121 0.267386 0.545895 0.127317
1.748009 0.020688 133.749873 1714.290749 0.003121 0.266166 0.544032 0.127317
1.747383 0.020688 132.672844 1700.474723 0.003121 0.264964 0.542202 0.127317
1.748009 0.020688 131.609118 1686.831321 0.003121 0.263779 0.540407 0.127317
1.747994 0.020688 130.558479 1673.357748 0.003121 0.262611 0.538643 0.127317
1.747446 0.020688 129.520711 1660.051225 0.003121 0.261459 0.536911 0.127317
1.747581 0.020688 128.495600 1646.908879 0.003121 0.260324 0.535209 0.127317
1.748062 0.020688 127.482945 1633.928041 0.003121 0.259203 0.533537 0.127317
1.747519 0.020688 126.482546 1621.106173 0.003121 0.258098 0.531893 0.127317
1.747173 0.020688 125.495794 1608.428173 0.003121 0.257034 0.530165 0.127317
1.747824 0.020688 124.522457 1595.892100 0.003121 0.255983 0.528468 0.127317
1.748392 0.020688 123.560747 1583.508205 0.003121 0.254947 0.526803 0.127317
1.748546 0.020688 122.610479 1571.274056 0.003121 0.253925 0.525168 0.127317
1.748546 0.020688 121.671473 1559.187259 0.003121 0.252916 0.523563 0.127317
1.747881 0.020688 120.743550 1547.245499 0.003121 0.251920 0.521986 0.127317
1.747819 0.020688 119.826538 1535.446479 0.003121 0.250937 0.520437 0.127317
1.748119 0.020688 118.920266 1523.787931 0.003121 0.249967 0.518915 0.127317
1.747286 0.020688 118.024564 1512.267635 0.003121 0.249009 0.517417 0.127317
1.746870 0.020688 117.139271 1500.883443 0.003121 0.248063 0.515945 0.127317
1.746816 0.020688 116.264227 1489.633263 0.003121 0.247130 0.514499 0.127317
1.747217 0.020688 115.399273 1478.514998 0.003121 0.246208 0.513076 0.127317
1.747173 0.020688 114.544255 1467.526602 0.003121 0.245298 0.511677 0.127317
1.748591 0.020688 113.699021 1456.666095 0.003121 0.244399 0.510300 0.127317
1.747042 0.020688 112.863422 1445.931495 0.003121 0.243511 0.508946 0.127317
1.746994 0.020688 112.037311 1435.320872 0.003121 0.242634 0.507612 0.127317
1.746597 0.020688 111.220545 1424.832372 0.003121 0.241768 0.506301 0.127317
1.747217 0.020688 110.412984 1414.464118 0.003121 0.240911 0.505008 0.127317
1.747653 0.020688 109.614490 1404.214271 0.003121 0.240066 0.503735 0.127317
1.747214 0.020688 108.824927 1394.081074 0.003121 0.239229 0.502481 0.127317
1.748392 0.020688 108.044165 1384.062793 0.003121 0.238404 0.501248 0.127317
1.748502 0.020688 107.272071 1374.157691 0.003121 0.237587 0.500032 0.127317
1.746994 0.020688 106.508516 1364.364073 0.003121 0.236781 0.498834 0.127317
1.747286 0.020688 105.753377 1354.680300 0.003121 0.235983 0.497654 0.127317
1.747173 0.020688 105.006531 1345.104760 0.003121 0.235196 0.496491 0.127317
1.749355 0.020688 104.266781 1335.607302 0.003121 0.234422 0.495272 0.127317
1.747540 0.020688 103.534039 1326.186822 0.003121 0.233657 0.494071 0.127317
1.748109 0.020688 102.809271 1316.870705 0.003121 0.232901 0.492890 0.127317
1.747828 0.020688 102.092363 1307.657313 0.003121 0.232153 0.491727 0.127317
1.748456 0.020688 101.383202 1298.544938 0.003121 0.231415 0.490582 0.127317
1.746740 0.020688 100.681678 1289.532416 0.003121 0.230684 0.489454 0.127317
1.747540 0.020688 99.987678 1280.618209 0.003121 0.229961 0.488343 0.127317
1.746877 0.020688 99.301094 1271.800801 0.003121 0.229247 0.487248 0.127317
1.747631 0.020688 98.621827 1263.078999 0.003121 0.228541 0.486170 0.127317
1.747848 0.020688 97.949769 1254.451306 0.003121 0.227842 0.485107 0.127317
1.747540 0.020688 97.284818 1245.916326 0.003121 0.227151 0.484059 0.127317
1.748109 0.020688 96.626876 1237.472937 0.003121 0.226468 0.483027 0.127317
1.747540 0.020688 95.975847 1229.119820 0.003121 0.225791 0.482009 0.127317
1.746755 0.020688 95.331630 1220.855548 0.003121 0.225122 0.481005 0.127317
1.746582 0.020688 94.694129 1212.678974 0.003121 0.224460 0.480015 0.127317
1.747853 0.020688 94.063254 1204.589023 0.003121 0.223806 0.479039 0.127317
1.747485 0.020688 93.438912 1196.584218 0.003121 0.223158 0.478076 0.127317
1.746590 0.020688 92.821016 1188.663299 0.003121 0.222517 0.477127 0.127317
1.748961 0.020688 92.209476 1180.825293 0.003121 0.221883 0.476190 0.127317
1.746973 0.020688 91.604205 1173.069062 0.003121 0.221255 0.475265 0.127317
1.748845 0.020688 91.005123 1165.393566 0.003121 0.220634 0.474354 0.127317
1.746810 0.020688 90.412140 1157.797618 0.003121 0.220019 0.473454 0.127317
1.748429 0.020688 89.825169 1150.280181 0.003121 0.219410 0.472566 0.127317
1.746210 0.020688 89.244135 1142.840111 0.003121 0.218808 0.471690 0.127317
1.747117 0.020688 88.668958 1135.476320 0.003121 0.218212 0.470825 0.127317
1.305554 4.393061 88.424999 1131.133884 0.120748 0.218426 0.471210 0.041823
1.234478 3.150299 88.416740 1129.348074 0.106673 0.218514 0.471396 0.046573
1.159322 7.025979 88.636581 1129.858252 0.141526 0.218898 0.471946 0.044792
1.233652 9.270730 89.115539 1134.303029 0.174187 0.219329 0.472561 0.043670
1.171909 11.982748 89.466900 1140.524399 0.137967 0.219751 0.473215 0.032126
1.151649 5.123221 89.683666 1144.845501 0.137301 0.220080 0.473742 0.048090
1.143175 4.811901 89.719400 1145.088313 0.118328 0.220357 0.474132 0.038789
1.141460 7.677276 89.914159 1146.898591 0.161853 0.220735 0.474721 0.030081
1.186632 7.254568 90.309203 1150.722477 0.101649 0.220956 0.475108 0.047101
1.113502 7.508091 90.627652 1152.927634 0.136353 0.221332 0.475706 0.055545
1.184585 7.296589 90.998173 1155.335778 0.149263 0.221678 0.476247 0.034171
1.130204 9.955734 91.321570 1158.350796 0.158448 0.222107 0.476905 0.024474
1.210127 4.448663 91.469593 1159.108074 0.128053 0.222231 0.476968 0.053961
1.206686 4.854493 91.540533 1157.925520 0.128241 0.222433 0.477253 0.030081
1.269737 4.425706 91.556770 1157.006921 0.125371 0.222583 0.477501 0.040042
1.194448 4.625558 91.542100 1155.902766 0.088201 0.222709 0.477737 0.058513
1.202637 11.747989 91.858600 1157.395862 0.177241 0.223171 0.478431 0.024540
1.169771 6.605608 92.302667 1160.781073 0.112786 0.223350 0.478668 0.047760
1.135354 7.856650 92.551017 1162.261716 0.121623 0.223618 0.479070 0.039712
1.110191 3.921793 92.769705 1162.389964 0.101397 0.223807 0.479385 0.042681
1.240833 7.271576 93.004830 1163.338182 0.148439 0.224087 0.479818 0.045583
1.143705 3.905138 93.108760 1163.486713 0.086866 0.224203 0.480049 0.052774
1.152548 5.108228 93.056540 1162.022815 0.106120 0.224368 0.480296 0.042615
1.130100 3.856347 93.071109 1160.996195 0.107919 0.224546 0.480578 0.046573
1.201898 8.885436 93.291520 1162.663555 0.155018 0.224910 0.481072 0.024144
1.330997 2.207680 93.373471 1163.515358 0.090260 0.224854 0.480996 0.068606
1.081796 6.885701 93.533596 1163.906543 0.125284 0.225139 0.481396 0.024276
1.121895 3.755118 93.747341 1164.854248 0.097495 0.225277 0.481609 0.055347
1.191690 4.126407 93.688291 1163.259827 0.131094 0.225513 0.481960 0.023352
1.220834 3.464409 93.639732 1161.847749 0.131533 0.225782 0.482425 0.021439
1.209975 2.730600 93.505769 1159.685796 0.108100 0.225939 0.482690 0.036744
1.138947 6.837082 93.507523 1158.702431 0.130043 0.226222 0.483148 0.058315
1.197909 4.907219 93.680239 1159.708048 0.110312 0.226318 0.483278 0.043077
1.123579 3.801762 93.712900 1159.448685 0.109890 0.226492 0.483571 0.054423
1.127906 5.649888 93.670150 1158.089827 0.107069 0.226654 0.483788 0.047760
1.133848 9.470856 93.982983 1160.726379 0.162429 0.226987 0.484191 0.039317
1.124790 7.002130 94.459171 1166.495287 0.163214 0.227353 0.484738 0.026519
1.192656 2.811613 94.503958 1167.396025 0.092907 0.227445 0.484961 0.050399
1.181946 4.301729 94.329020 1165.138914 0.099615 0.227541 0.485123 0.046309
1.229248 3.661662 94.275678 1165.275068 0.133776 0.227813 0.485579 0.030609
1.148791 7.249672 94.376553 1166.373892 0.132487 0.228122 0.486059 0.042879
1.105565 8.217015 94.795615 1170.447414 0.156484 0.228453 0.486534 0.035227
1.124439 6.498018 95.382621 1175.131120 0.111345 0.228612 0.486783 0.075269
1.086437 5.612908 95.786346 1177.155396 0.120324 0.228793 0.487035 0.030609
1.164996 7.202380 96.274948 1180.273563 0.162444 0.229153 0.487626 0.040702
1.312850 5.201711 96.602329 1181.311763 0.145799 0.229363 0.487953 0.042549
1.145393 7.401782 96.745868 1182.179694 0.139977 0.229675 0.488448 0.048552
1.120089 8.199826 97.134510 1186.766588 0.135311 0.230019 0.488980 0.049607
1.105737 4.820345 97.352094 1188.954093 0.109638 0.230201 0.489250 0.044660
1.157651 4.913192 97.476099 1189.471286 0.144712 0.230387 0.489506 0.061943
1.333647 5.857894 97.660281 1190.604717 0.094057 0.230564 0.489794 0.056600
1.339026 6.165506 97.840569 1191.876164 0.119742 0.230803 0.490175 0.040570
1.374085 6.380878 98.067106 1194.724082 0.131668 0.231099 0.490686 0.025002
1.315963 5.828817 98.276415 1198.791357 0.125011 0.231320 0.491010 0.037997
1.312319 9.345096 98.620100 1204.542263 0.184435 0.231751 0.491652 0.027904
1.385716 4.277449 98.899966 1208.247494 0.100637 0.231848 0.491808 0.056666
1.351591 5.627025 99.058089 1209.245792 0.126641 0.232095 0.492204 0.040702
1.291788 6.628917 99.239263 1211.343643 0.126988 0.232321 0.492572 0.040108
1.368765 12.314547 99.601509 1216.248093 0.193435 0.232747 0.493211 0.009763
1.380083 11.546157 100.267254 1224.875460 0.195845 0.233246 0.493952 0.028300
1.325429 5.177579 100.609481 1229.787320 0.112419 0.233435 0.494260 0.035622
1.360400 9.364840 100.665900 1230.812214 0.144799 0.233768 0.494773 0.029290
1.337680 3.683050 100.700235 1231.066514 0.107060 0.233946 0.495078 0.025068
1.394922 4.062768 100.585964 1229.123150 0.126050 0.234173 0.495449 0.019065
1.488299 5.881919 100.605715 1229.180057 0.133937 0.234413 0.495874 0.021901
1.489898 7.061642 100.777995 1230.393242 0.147444 0.234678 0.496292 0.036876
1.349548 9.827971 101.089342 1234.670012 0.158785 0.235011 0.496796 0.029224
1.349823 8.052671 101.492484 1242.324945 0.156151 0.235370 0.497357 0.015832
1.501910 7.478948 101.681167 1246.891440 0.130339 0.235612 0.497743 0.023484
1.407305 9.228812 101.898594 1249.087700 0.164280 0.235940 0.498211 0.027113
1.424983 4.710998 102.113321 1250.596261 0.137617 0.236205 0.498635 0.044330
1.354481 8.687041 102.356059 1251.689258 0.148357 0.236513 0.499116 0.017020
1.326497 3.284053 102.533732 1252.166659 0.117216 0.236782 0.499580 0.032522
1.350246 5.862104 102.483020 1251.332998 0.134916 0.237069 0.500021 0.043407
1.365270 6.029053 102.572843 1253.376057 0.170923 0.237444 0.500590 0.014249
1.151183 9.523941 102.864605 1257.566064 0.161487 0.237754 0.501051 0.023418
1.071220 4.919432 103.127561 1259.446770 0.095711 0.237869 0.501230 0.053763
1.174328 3.626854 103.179071 1259.136661 0.123268 0.238048 0.501535 0.034897
1.096881 4.472244 103.204974 1258.873073 0.097644 0.238174 0.501753 0.052642
1.086273 7.100748 103.311916 1260.310485 0.140315 0.238473 0.502248 0.023484
1.152373 7.645243 103.475584 1262.654943 0.133700 0.238722 0.502674 0.045847
1.098066 7.947327 103.641549 1264.594397 0.133605 0.239003 0.503117 0.032984
1.071718 6.397248 103.989317 1268.226637 0.144740 0.239303 0.503571 0.042813
1.086920 3.680754 104.213354 1270.202063 0.111916 0.239437 0.503833 0.034501
1.182084 3.444858 104.096213 1268.571889 0.124051 0.239614 0.504121 0.033709
1.092507 7.236295 104.033331 1268.150211 0.122099 0.239809 0.504432 0.037667
1.141139 6.166071 104.131838 1269.285304 0.127231 0.240016 0.504778 0.037997
1.127695 6.748674 104.368836 1270.315358 0.124366 0.240220 0.505084 0.047101
1.033183 6.422025 104.656546 1271.781728 0.118261 0.240494 0.505534 0.025463
1.151734 8.829480 104.951728 1274.916985 0.155687 0.240747 0.505918 0.041889
1.096314 5.279264 105.179209 1277.497699 0.116496 0.240902 0.506168 0.046507
1.113983 5.478716 105.369310 1279.635252 0.139418 0.241200 0.506658 0.044462
1.083547 8.273626 105.539877 1281.998390 0.137096 0.241485 0.507094 0.037931
1.179731 10.210185 105.787764 1285.074772 0.171334 0.241819 0.507620 0.041757
1.093114 5.421012 106.015830 1288.005377 0.118194 0.242015 0.507923 0.041494
1.078809 6.443601 106.165262 1289.374604 0.127145 0.242245 0.508298 0.054753
1.129630 6.188422 106.407723 1291.498659 0.135118 0.242445 0.508594 0.052906
1.165260 6.417771 106.587519 1292.938149 0.128686 0.242600 0.508860 0.032852
1.121891 4.936557 106.646894 1293.049407 0.121135 0.242796 0.509185 0.032588
1.145320 9.987476 106.875775 1295.069444 0.175741 0.243166 0.509737 0.020648
1.120969 8.943272 107.305383 1299.967814 0.152221 0.243509 0.510276 0.031598
1.242610 3.655175 107.442011 1301.068430 0.096711 0.243500 0.510286 0.049805
1.182166 4.215746 107.363388 1298.895884 0.090868 0.243497 0.510273 0.087407
1.242922 9.007983 107.505483 1299.614400 0.151287 0.243713 0.510623 0.023089
1.229994 6.336028 107.717452 1301.676801 0.160451 0.243982 0.511102 0.041428
1.234424 8.481632 107.849462 1302.525303 0.105758 0.243957 0.511030 0.073884
1.193688 3.692976 107.840418 1301.613901 0.089697 0.244019 0.511171 0.034897
1.135702 6.634445 107.889735 1301.578100 0.134953 0.244294 0.511629 0.021967
1.159027 13.062164 108.065006 1303.462397 0.158342 0.244583 0.512083 0.039251
1.184053 5.271772 108.145080 1304.915770 0.125954 0.244682 0.512228 0.044660
1.172103 5.154611 108.193258 1305.447921 0.124118 0.244853 0.512505 0.028036
1.153617 3.017635 108.137837 1303.993668 0.105555 0.244967 0.512744 0.048816
1.278612 7.712056 108.125519 1303.059456 0.160611 0.245216 0.513143 0.037535
1.193723 4.881947 108.224340 1303.741156 0.101997 0.245236 0.513122 0.068474
1.095424 4.712946 108.377230 1304.228189 0.128223 0.245443 0.513448 0.046243
1.212802 6.612432 108.472906 1304.539187 0.140423 0.245623 0.513746 0.045452
1.131551 5.370139 108.531616 1305.746678 0.127553 0.245777 0.513970 0.024144
1.284473 3.626641 108.521341 1306.106178 0.087669 0.245762 0.513955 0.035820
1.184388 6.757222 108.503540 1305.570362 0.128450 0.245925 0.514186 0.041230
1.161689 6.863112 108.673499 1306.685512 0.148897 0.246169 0.514577 0.028564
1.146878 4.618521 108.786940 1306.945409 0.114756 0.246322 0.514795 0.059701
1.135521 5.866296 108.825545 1307.528132 0.110844 0.246442 0.515026 0.050531
1.201048 6.813732 108.869249 1309.063737 0.176501 0.246765 0.515493 0.017086
1.176090 4.333870 108.811797 1308.447011 0.091471 0.246792 0.515570 0.050927
1.152368 10.256759 108.947852 1310.135239 0.163911 0.247102 0.516025 0.030807
1.245414 4.968696 109.161125 1312.629392 0.175328 0.247385 0.516474 0.022231
1.122903 6.289808 109.227010 1313.168931 0.147687 0.247662 0.516881 0.023616
1.091094 6.434904 109.352548 1314.937183 0.124495 0.247838 0.517170 0.032522
1.136788 6.256484 109.509326 1316.998629 0.132597 0.248005 0.517452 0.026849
1.162131 2.908161 109.626595 1317.551758 0.088648 0.248033 0.517532 0.064054
1.099108 7.407408 109.786716 1318.590804 0.146862 0.248266 0.517930 0.043868
1.095766 5.793367 110.109065 1321.097452 0.125927 0.248481 0.518287 0.027113
1.104593 4.695310 110.350849 1322.051332 0.118044 0.248630 0.518532 0.041428
1.183191 3.768955 110.432034 1322.064742 0.106343 0.248699 0.518662 0.059701
1.089894 9.079321 110.612885 1323.808748 0.138830 0.248936 0.519026 0.025661
1.172529 7.504727 110.846399 1327.228474 0.153010 0.249172 0.519414 0.022759
1.279994 6.379049 110.997361 1330.564323 0.149781 0.249382 0.519776 0.043670
1.224022 6.892467 111.120097 1332.298398 0.104407 0.249454 0.519917 0.060426
1.121727 8.089058 111.258005 1333.009276 0.119494 0.249621 0.520162 0.042681
1.151796 3.827385 111.336276 1333.546308 0.100292 0.249691 0.520293 0.062339
1.169862 9.279043 111.584957 1336.261790 0.178599 0.249989 0.520739 0.043538
1.208573 11.120743 112.066666 1340.933393 0.140040 0.250158 0.520992 0.069266
1.196184 8.302827 112.332085 1343.517651 0.170630 0.250470 0.521476 0.011412
1.137437 5.270289 112.404332 1344.219717 0.132721 0.250610 0.521706 0.030741
1.116113 5.608808 112.590665 1345.835469 0.118061 0.250748 0.521954 0.047826
1.097167 6.002372 112.812026 1348.198753 0.136910 0.250963 0.522289 0.039317
1.114699 10.929276 113.309215 1352.982318 0.172121 0.251239 0.522709 0.019328
1.238171 4.710146 113.618750 1355.459251 0.092922 0.251213 0.522690 0.063922
1.098458 6.457473 113.604335 1354.988340 0.159210 0.251454 0.523042 0.029883
1.135066 4.217382 113.725296 1355.611944 0.099572 0.251524 0.523182 0.044066
1.349308 11.751153 114.192152 1359.939785 0.177998 0.251803 0.523605 0.023682
1.326776 8.169893 114.969768 1366.910297 0.145608 0.252040 0.523964 0.018141
1.600096 9.751739 115.441160 1370.724256 0.206202 0.252366 0.524442 0.031203
1.352427 8.468084 115.634382 1373.419518 0.159032 0.252554 0.524728 0.029355
1.308951 7.353371 115.810866 1376.646146 0.150380 0.252819 0.525153 0.025200
1.394515 4.216901 115.961627 1378.890752 0.130907 0.252976 0.525396 0.030807
1.378129 5.569258 115.998218 1379.389337 0.118591 0.253085 0.525589 0.034237
1.339889 5.520945 115.936359 1379.403258 0.123546 0.253241 0.525858 0.025068
1.480636 10.482569 116.114129 1382.028539 0.170991 0.253454 0.526170 0.022561
1.414668 9.687933 116.637624 1387.245776 0.155810 0.253674 0.526506 0.017217
1.418998 4.638528 116.923932 1388.937686 0.100155 0.253773 0.526698 0.037535
1.370743 8.114019 117.056708 1390.139612 0.152670 0.254042 0.527117 0.037008
1.393514 4.576585 117.187850 1391.823847 0.104551 0.254129 0.527273 0.032720
1.334929 4.526330 117.196445 1392.561563 0.124481 0.254256 0.527481 0.055808
1.375387 10.997529 117.455021 1395.303890 0.155078 0.254495 0.527839 0.031730
1.380083 6.962312 117.786793 1398.104171 0.123969 0.254618 0.528004 0.063197
1.367011 6.469759 117.946106 1399.774228 0.178730 0.254937 0.528478 0.017481
1.389406 9.950217 118.170508 1402.172352 0.168681 0.255250 0.528958 0.020714
1.357453 6.894937 118.399761 1404.737722 0.154059 0.255502 0.529336 0.034039
1.410670 6.739961 118.496887 1406.096694 0.133238 0.255679 0.529613 0.033973
1.343295 7.825521 118.752337 1408.401692 0.144919 0.255890 0.529933 0.042351
1.376252 10.338409 119.160446 1412.791478 0.145026 0.256075 0.530205 0.027245
1.392728 9.680534 119.526491 1416.713224 0.139890 0.256263 0.530502 0.040900
1.320494 7.106703 119.867180 1420.522987 0.134337 0.256455 0.530794 0.027772
1.313656 6.288253 120.090656 1423.909443 0.159102 0.256689 0.531153 0.015173
1.067076 7.826739 120.299175 1426.379262 0.128422 0.256856 0.531433 0.048816
1.152559 5.807421 120.503159 1427.908036 0.110076 0.256937 0.531556 0.054357
1.117238 5.680098 120.640859 1428.899314 0.114944 0.257046 0.531739 0.046045
1.063912 5.568394 120.685667 1429.279318 0.104304 0.257118 0.531841 0.044396
1.061079 5.034508 120.661835 1428.832388 0.101387 0.257240 0.532073 0.048156
1.091763 5.070788 120.677435 1429.044085 0.118487 0.257360 0.532264 0.051455
1.095557 5.019060 120.694284 1429.691073 0.109811 0.257483 0.532476 0.029949
1.135680 6.896120 120.715988 1430.028319 0.123584 0.257620 0.532695 0.032720
1.134122 5.988101 120.874493 1431.099984 0.136169 0.257759 0.532908 0.053038
1.090164 6.866478 121.054341 1432.117547 0.111301 0.257857 0.533069 0.045847
1.070294 5.267911 121.176721 1433.614344 0.117877 0.258032 0.533387 0.043341
1.117256 6.199580 121.285240 1435.523366 0.133186 0.258146 0.533570 0.023682
1.036071 6.581330 121.432539 1437.554770 0.133447 0.258343 0.533864 0.032786
1.150688 4.354631 121.565425 1439.077664 0.098766 0.258357 0.533877 0.060030
1.103828 6.891964 121.667858 1439.745229 0.153820 0.258580 0.534195 0.018339
1.098887 7.732407 121.845330 1441.954690 0.148168 0.258815 0.534576 0.032522
1.100985 3.807628 121.956948 1443.710133 0.092374 0.258861 0.534678 0.055149
1.042428 5.620139 121.971366 1444.191717 0.097559 0.258917 0.534761 0.048816
1.088581 8.603369 122.091740 1446.583082 0.142467 0.259123 0.535095 0.036810
1.110430 9.298973 122.330607 1450.085019 0.139897 0.259302 0.535348 0.033643
1.060809 6.868460 122.600623 1452.299793 0.122987 0.259456 0.535604 0.046903
1.123882 4.445565 122.756412 1453.160601 0.113296 0.259541 0.535749 0.061218
1.092326 7.244197 122.932661 1454.461080 0.128417 0.259699 0.536006 0.048156
1.075775 7.313996 123.208431 1456.570172 0.133049 0.259860 0.536285 0.042681
1.158309 8.274158 123.420172 1457.951680 0.173916 0.260103 0.536658 0.012864
1.259115 12.497209 123.764155 1461.374103 0.225246 0.260438 0.537120 0.008576
1.196335 7.230368 124.115428 1464.791257 0.167652 0.260668 0.537475 0.030147
1.160629 4.601792 124.150148 1464.658541 0.101591 0.260725 0.537589 0.062207
1.264293 2.248319 123.988464 1462.458104 0.081091 0.260666 0.537542 0.070651
1.331779 13.861637 124.103933 1465.543389 0.271939 0.261072 0.538109 0.014249
1.143978 12.647990 124.545607 1473.023785 0.177188 0.261361 0.538561 0.022891
1.199145 13.301643 125.028794 1478.596671 0.178758 0.261622 0.538964 0.022363
1.143632 4.368278 125.298386 1481.879651 0.113226 0.261715 0.539116 0.061614
1.191675 2.011295 125.205722 1480.886879 0.094280 0.261721 0.539197 0.067221
1.193300 10.945944 125.326300 1482.401168 0.174359 0.261971 0.539587 0.025331
1.256552 3.495451 125.524866 1484.800430 0.141813 0.262068 0.539780 0.018273
1.143799 6.189708 125.520445 1483.689045 0.096105 0.262106 0.539870 0.043736
1.311160 6.425656 125.704848 1485.196274 0.196625 0.262309 0.540140 0.032852
1.210838 11.096353 126.117633 1490.161059 0.190531 0.262549 0.540512 0.038063
1.250667 11.227641 126.626145 1495.559179 0.146259 0.262700 0.540782 0.037931
1.202127 6.241184 126.923521 1498.261423 0.158777 0.262870 0.541041 0.025991
1.086443 7.336188 127.040529 1499.248942 0.120994 0.262977 0.541221 0.058645
1.086568 8.514510 127.308356 1501.990570 0.146793 0.263204 0.541600 0.044066
1.153550 6.079318 127.524980 1503.463759 0.105946 0.263260 0.541699 0.044330
1.317673 7.029854 127.614110 1502.771302 0.135655 0.263270 0.541703 0.061152
1.179439 8.589787 127.810056 1504.923352 0.177835 0.263539 0.542131 0.017086
1.134387 6.927217 128.031902 1508.159838 0.149098 0.263712 0.542402 0.009104
1.305541 4.294583 128.087415 1508.649205 0.127178 0.263762 0.542492 0.058843
1.132243 6.770943 128.096324 1508.464591 0.143547 0.263913 0.542761 0.049014
1.151075 7.673942 128.270126 1510.111216 0.160836 0.264083 0.543001 0.029158
1.308304 12.137372 128.588980 1513.924535 0.218573 0.264350 0.543387 0.023748
1.305969 12.687482 128.968127 1519.027276 0.169126 0.264555 0.543734 0.037733
1.099196 5.169279 129.138928 1521.121561 0.090410 0.264600 0.543827 0.050861
1.125529 3.318037 129.126067 1520.129457 0.088306 0.264611 0.543870 0.050795
1.145080 7.522493 129.243165 1521.729068 0.158029 0.264788 0.544159 0.024342
1.110282 7.745319 129.436651 1524.519581 0.120153 0.264882 0.544319 0.060690
1.097241 8.059815 129.623735 1526.175923 0.139561 0.265065 0.544626 0.047892
1.055924 4.447149 129.725410 1527.299646 0.116217 0.265175 0.544796 0.041098
1.176667 11.564911 129.878162 1530.650680 0.192017 0.265460 0.545211 0.012402
1.103974 6.313746 130.115007 1534.265316 0.094938 0.265540 0.545358 0.049805
1.091515 7.676454 130.303651 1535.742201 0.125689 0.265654 0.545547 0.049739
1.151072 9.453476 130.631617 1538.362507 0.124877 0.265783 0.545761 0.032192
1.092971 6.356379 130.900854 1541.187021 0.135030 0.265948 0.546036 0.036084
1.250901 8.833153 130.985842 1543.270882 0.190633 0.266196 0.546440 0.012996
1.097989 6.144960 131.075560 1544.302659 0.118125 0.266300 0.546627 0.051323
1.111667 2.795911 131.053695 1543.282600 0.097392 0.266318 0.546666 0.058645
1.154201 5.700665 131.000169 1542.210767 0.120295 0.266421 0.546842 0.051982
1.097300 8.408527 131.125829 1543.603647 0.162235 0.266640 0.547184 0.012072
1.163682 6.694341 131.211278 1545.080814 0.121642 0.266727 0.547347 0.061680
1.079547 6.908753 131.264412 1546.138164 0.140197 0.266864 0.547553 0.037404
1.168195 3.609230 131.260187 1546.553089 0.100264 0.266895 0.547631 0.045715
1.067065 6.393203 131.228682 1546.994474 0.142058 0.267059 0.547911 0.041296
1.114487 9.799736 131.535554 1549.702425 0.167815 0.267284 0.548251 0.037535
1.082706 6.750147 131.847215 1552.825445 0.146446 0.267466 0.548555 0.037667
1.081781 6.324855 131.917992 1553.769707 0.123374 0.267609 0.548806 0.035227
1.341495 8.012661 132.022500 1554.724295 0.149511 0.267777 0.549060 0.027574
1.348466 9.781828 132.218045 1557.934578 0.161089 0.268019 0.549431 0.021571
1.469047 10.737590 132.484378 1561.854933 0.182168 0.268260 0.549795 0.023089
1.464043 5.988208 132.625246 1563.682020 0.093362 0.268228 0.549754 0.052840
1.283853 5.765496 132.648171 1563.529198 0.140479 0.268364 0.549964 0.036084
1.384082 3.292689 132.609503 1563.122162 0.091881 0.268399 0.550050 0.052114
1.295033 11.164992 132.666331 1564.717370 0.158923 0.268623 0.550393 0.030873
1.596450 7.681966 132.903640 1567.874489 0.169843 0.268731 0.550558 0.064450
1.315471 10.736539 133.238757 1571.624282 0.177076 0.268980 0.550928 0.007256
1.339629 5.874522 133.475729 1575.312707 0.123917 0.269117 0.551185 0.035161
1.305947 4.835444 133.565753 1576.241331 0.129453 0.269226 0.551385 0.043868
1.353894 10.968025 133.807513 1579.450407 0.202257 0.269504 0.551814 0.008114
1.410384 10.757389 134.178221 1584.708151 0.159086 0.269685 0.552079 0.043011
1.328201 7.479980 134.511775 1587.862225 0.114920 0.269723 0.552148 0.030543
1.448946 8.862979 134.830376 1591.570881 0.145868 0.269898 0.552412 0.031203
1.332261 7.795863 135.107145 1595.560495 0.133094 0.270037 0.552644 0.042549
1.357510 6.621931 135.206616 1596.919605 0.112914 0.270115 0.552763 0.037272
1.294327 5.427701 135.340691 1597.897366 0.117585 0.270210 0.552912 0.054885
1.357499 5.471892 135.484646 1598.602482 0.115023 0.270307 0.553055 0.044000
1.350377 3.334327 135.417356 1597.404900 0.111565 0.270363 0.553196 0.047365
1.403113 3.908898 135.258871 1596.258346 0.131245 0.270470 0.553370 0.036942
1.363993 15.533556 135.538402 1599.658379 0.204237 0.270759 0.553787 0.028300
1.296524 5.178979 135.862250 1602.975295 0.118938 0.270835 0.553918 0.045254
1.357432 8.408373 135.929267 1603.855154 0.154186 0.271028 0.554223 0.029224
1.308435 6.545144 136.074748 1606.447597 0.142677 0.271166 0.554435 0.032126
1.046524 6.732193 136.157924 1607.789334 0.126831 0.271300 0.554636 0.041559
1.071216 9.092509 136.346945 1611.535385 0.163547 0.271513 0.554958 0.032192
1.166514 15.660887 136.767955 1619.265047 0.200396 0.271815 0.555411 0.023880
1.070316 3.974611 136.973346 1622.751288 0.103272 0.271869 0.555496 0.042153
1.099478 6.692192 137.068427 1623.268084 0.139526 0.272018 0.555762 0.048222
1.160835 3.655548 137.176504 1623.951446 0.129182 0.272133 0.555981 0.025595
1.088055 5.021877 137.144919 1623.532823 0.112676 0.272204 0.556112 0.050729
1.099443 5.746495 137.122030 1623.103855 0.123617 0.272265 0.556215 0.045518
1.090114 6.046813 137.128344 1622.799209 0.113687 0.272350 0.556379 0.039251
1.043824 5.686408 137.196355 1623.395803 0.123775 0.272479 0.556601 0.029883
1.043528 5.352176 137.224726 1623.864657 0.120001 0.272569 0.556740 0.029421
1.128615 7.769887 137.310153 1625.833232 0.169420 0.272772 0.557043 0.019790
1.137324 5.319310 137.406723 1627.654659 0.134169 0.272879 0.557206 0.023748
1.081337 7.113571 137.470833 1628.837247 0.146672 0.273035 0.557433 0.034171
1.066849 8.147877 137.600241 1631.809852 0.132621 0.273182 0.557659 0.037997
1.105820 5.597695 137.735384 1632.932066 0.101791 0.273224 0.557744 0.041955
1.050591 6.016710 137.778108 1633.152024 0.131610 0.273349 0.557958 0.021439
1.069882 4.103261 137.732786 1633.321148 0.096701 0.273374 0.557997 0.052774
1.037170 7.044565 137.766066 1634.634316 0.131572 0.273533 0.558256 0.031994
1.088288 7.579755 137.931593 1638.365397 0.148484 0.273708 0.558539 0.035293
1.063232 6.561408 138.159478 1641.398023 0.122298 0.273803 0.558711 0.049344
1.082756 8.432571 138.365586 1643.661760 0.143844 0.273944 0.558903 0.040372
1.093240 8.530258 138.526673 1645.686868 0.129025 0.274087 0.559125 0.037074
1.128447 10.511342 138.763572 1648.887235 0.177770 0.274305 0.559478 0.020582
1.065855 6.223945 138.944530 1651.743780 0.127933 0.274404 0.559647 0.047694
1.748009 6.838066 138.875060 1651.098332 0.256645 0.274602 0.560001 0.002045
1.748009 11.799412 138.902944 1650.740998 0.299736 0.274816 0.560446 0.091101
1.748009 6.838066 138.932216 1650.464826 0.256645 0.275015 0.560805 0.002045
1.748009 27.274111 138.830588 1649.923903 0.260018 0.275225 0.561130 0.022429
1.748009 3.286822 138.720842 1649.220298 0.226128 0.275270 0.561342 0.000330
1.748009 5.812865 138.570936 1647.141972 0.165912 0.275217 0.561291 0.044462
1.748009 27.274111 138.510846 1646.925927 0.260018 0.275427 0.561620 0.022429
1.748009 18.549565 138.721579 1650.888363 0.271416 0.275590 0.561859 0.044462
1.748009 7.618868 138.922362 1654.892626 0.207055 0.275605 0.561882 0.021835
1.748009 6.838066 138.815274 1654.502325 0.256645 0.275804 0.562243 0.002045
1.748009 19.596726 138.678039 1653.335541 0.308441 0.276101 0.562701 0.000330
1.748009 10.979228 138.628723 1653.432976 0.330298 0.276299 0.562983 0.000924
1.748009 28.808124 139.459465 1661.681142 0.318540 0.276602 0.563383 0.042153
1.748009 18.549565 140.520046 1674.177325 0.271416 0.276766 0.563631 0.044462
1.748009 2.364958 140.629879 1676.238358 0.145002 0.276480 0.563101 0.075599
1.748009 6.602476 140.574461 1674.603676 0.262599 0.276631 0.563360 0.068870
1.748009 6.691587 140.546648 1673.448677 0.185746 0.276608 0.563346 0.021835
1.748009 6.838066 140.376849 1671.129650 0.256645 0.276806 0.563708 0.002045
1.748009 11.056653 140.193311 1668.515595 0.197428 0.276758 0.563650 0.075599
1.748009 7.390762 140.126612 1667.470215 0.315452 0.276993 0.564049 0.002045
1.748009 13.515348 140.430006 1670.366741 0.290331 0.277217 0.564354 0.022429
1.748009 6.602476 140.760761 1672.920193 0.262599 0.277369 0.564620 0.068870
1.748009 11.884418 140.788461 1672.519775 0.231246 0.277369 0.564602 0.068870
1.748009 21.379227 141.212129 1678.376278 0.304464 0.277566 0.564900 0.075599
1.748009 5.812865 141.612704 1684.337363 0.165912 0.277514 0.564861 0.044462
1.748009 16.368795 142.018782 1687.651061 0.333134 0.277769 0.565268 0.011544
1.748009 10.919907 142.561041 1693.079538 0.199680 0.277784 0.565289 0.042153
1.748009 14.891774 142.833066 1697.706374 0.325567 0.278101 0.565775 0.021835
1.748009 22.275832 143.515117 1706.521106 0.331762 0.278375 0.566186 0.035886
1.748009 11.721356 143.933861 1710.979230 0.223713 0.278534 0.566444 0.011544
1.748009 12.820989 143.850291 1709.050282 0.304737 0.278756 0.566789 0.000330
1.748009 20.334578 143.855017 1708.691685 0.225034 0.278922 0.567081 0.091101
1.748009 19.596726 143.815561 1708.988928 0.308441 0.279208 0.567526 0.000330
1.748009 21.379227 144.212241 1715.816582 0.304464 0.279402 0.567822 0.075599
1.748009 5.789846 144.602289 1721.795113 0.169547 0.279317 0.567640 0.068870
1.748009 6.838066 144.453775 1719.679177 0.256645 0.279509 0.567994 0.002045
1.748009 5.832268 144.263384 1716.858915 0.183855 0.279515 0.568066 0.044462
1.748009 5.789846 144.106361 1713.842417 0.169547 0.279434 0.567907 0.068870
1.748009 3.962364 143.976310 1711.788839 0.223827 0.279436 0.567964 0.000330
1.748009 17.011789 144.023135 1713.048652 0.260546 0.279588 0.568245 0.091101
1.748009 2.008031 144.067438 1713.737697 0.165840 0.279581 0.568277 0.021835
1.748009 27.274111 143.980395 1712.922013 0.260018 0.279778 0.568591 0.022429
1.748009 11.802935 143.968010 1713.616441 0.286154 0.280000 0.568971 0.042153
1.748009 6.630761 143.927461 1712.914283 0.215671 0.279975 0.568890 0.091101
1.748009 27.274111 143.880043 1713.205616 0.260018 0.280172 0.569206 0.022429
1.748009 13.527610 144.042368 1715.457136 0.301300 0.280364 0.569530 0.016360
1.748009 12.343774 144.313592 1717.354334 0.201784 0.280446 0.569660 0.035886
1.748009 10.919907 144.494992 1719.477035 0.199680 0.280461 0.569684 0.042153
1.748009 3.210185 144.503284 1720.099662 0.185268 0.280349 0.569494 0.011544
1.748009 21.379227 144.866496 1726.161502 0.304464 0.280538 0.569785 0.075599
1.748009 11.884418 145.275097 1732.887504 0.231246 0.280538 0.569778 0.068870
1.748009 6.630761 145.206534 1731.629639 0.215671 0.280515 0.569718 0.091101
1.748009 16.368795 145.613893 1735.292247 0.333134 0.280759 0.570113 0.011544
1.748009 11.721356 145.987331 1738.532272 0.223713 0.280912 0.570367 0.011544
1.748009 13.515348 146.179643 1739.775707 0.290331 0.281123 0.570666 0.022429
1.748009 4.025650 146.327281 1740.981898 0.222420 0.281146 0.570707 0.011544
1.748009 11.721356 146.134543 1738.769585 0.223713 0.281300 0.570967 0.011544
1.748009 6.147109 145.973240 1736.489342 0.227496 0.281407 0.571135 0.016360
1.748009 17.011789 146.000491 1737.513098 0.260546 0.281555 0.571412 0.091101
1.748009 7.039123 146.039118 1738.981256 0.156780 0.281510 0.571383 0.016360
1.748009 11.056653 145.868065 1736.518893 0.197428 0.281464 0.571337 0.075599
1.748009 5.832268 145.676209 1733.072165 0.183855 0.281467 0.571411 0.044462
1.748009 8.026918 145.573554 1732.079818 0.226245 0.281525 0.571555 0.044462
1.748009 16.368795 146.010746 1737.331470 0.333134 0.281766 0.571946 0.011544
1.748009 11.439865 146.510596 1742.704566 0.279486 0.281957 0.572296 0.022429
1.748009 7.618868 146.541973 1744.189259 0.207055 0.281966 0.572316 0.021835
1.748009 7.618868 146.495334 1745.583780 0.207055 0.281977 0.572344 0.021835
1.748009 11.056653 146.379262 1744.815927 0.197428 0.281933 0.572308 0.075599
1.748009 25.815223 146.515740 1745.596909 0.324781 0.282188 0.572715 0.035886
1.748009 12.820989 146.738060 1747.295156 0.304737 0.282396 0.573044 0.000330
1.748009 27.274111 146.722089 1747.531058 0.260018 0.282584 0.573349 0.022429
1.748009 6.602476 146.762231 1748.762144 0.262599 0.282725 0.573598 0.068870
1.748009 6.602476 146.859937 1749.317551 0.262599 0.282867 0.573854 0.068870
1.748009 7.390762 146.931170 1750.169111 0.315452 0.283079 0.574221 0.002045
1.748009 11.799412 147.059242 1751.478464 0.299736 0.283263 0.574616 0.091101
1.748009 11.721356 147.094291 1751.237133 0.223713 0.283412 0.574872 0.011544
1.748009 5.427484 146.928411 1748.644934 0.214055 0.283491 0.574959 0.042153
1.748009 19.596726 146.785006 1746.923602 0.308441 0.283756 0.575375 0.000330
1.748009 3.210185 146.662992 1745.723223 0.185268 0.283647 0.575203 0.011544
1.748009 6.602476 146.639295 1744.966447 0.262599 0.283789 0.575460 0.068870
1.748009 19.958336 146.780669 1745.963164 0.224891 0.283818 0.575452 0.068870
1.748009 5.812865 146.818922 1745.803056 0.165912 0.283763 0.575413 0.044462
1.748009 7.039123 146.690902 1744.206951 0.156780 0.283719 0.575388 0.016360
1.748009 12.343774 146.713850 1744.059134 0.201784 0.283794 0.575517 0.035886
1.748009 21.379227 147.230514 1751.884634 0.304464 0.283973 0.575795 0.075599
1.748009 7.039123 147.576926 1758.538093 0.156780 0.283930 0.575779 0.016360
1.748009 3.210185 147.430137 1756.735377 0.185268 0.283824 0.575621 0.011544
1.748009 3.983172 147.292118 1754.646022 0.192438 0.283774 0.575548 0.022429
1.748009 1.762022 147.053480 1751.546993 0.141723 0.283657 0.575382 0.091101
1.748009 22.275832 147.335165 1754.641035 0.331762 0.283905 0.575757 0.035886
1.748009 13.527610 147.946991 1761.209493 0.301300 0.284086 0.576065 0.016360
1.748009 22.738879 148.392772 1766.292557 0.293770 0.284347 0.576456 0.002045
1.748009 16.368795 149.113877 1774.729795 0.333134 0.284577 0.576832 0.011544
1.748009 5.357610 149.481197 1777.905841 0.214909 0.284619 0.576922 0.016360
1.748009 13.515348 149.674271 1778.944041 0.290331 0.284819 0.577212 0.022429
1.748009 5.365551 149.803478 1779.362048 0.164218 0.284697 0.577026 0.035886
1.748009 12.820989 149.667533 1776.693964 0.304737 0.284896 0.577346 0.000330
1.748009 1.762022 149.485881 1773.928730 0.141723 0.284782 0.577192 0.091101
1.748009 14.392821 149.475910 1774.367338 0.310599 0.285003 0.577523 0.000330
1.748009 25.815223 149.862748 1779.372095 0.324781 0.285246 0.577914 0.035886
